function largestOfFour(arr){
  var ret = [];
  for(var i = 0; i < arr.length; i++){
    ret[i] = arr[i].reduce(function(prev, next){
      return prev > next ? prev : next;
    });
  }
  return ret;
}

console.log(largestOfFour([[4, 5, 1, 3], [13, 27, 18, 26], [32, 35, 37, 39], [1000, 1001, 857, 1]]));
console.log(largestOfFour([[13, 27, 18, 26], [4, 5, 1, 3], [32, 35, 37, 39], [1000, 1001, 857, 1]]));
console.log(largestOfFour([[4, 9, 1, 3], [13, 35, 18, 26], [32, 35, 97, 39], [1000000, 1001, 857, 1]]));
